Sample	FastQC_percent_duplicates	FastQC_percent_gc	FastQC_avg_sequence_length	FastQC_total_sequences	FastQC_percent_fails
20107400040-Control-Sham-Virgin-Block-2-NCGM-676-Dr-Imroze-khan-3-1_S35_R1_001	80.3312384811	49.0	141.646802762	22094213.0	45.4545454545
20107400040-Control-Sham-Virgin-Block-2-NCGM-676-Dr-Imroze-khan-3-1_S35_R2_001	82.0983138922	49.0	141.761134737	22094213.0	36.3636363636
20107400041-Pe-Sham-Virgin-Block-2-NCGM-676-Dr-Imroze-khan-3-1_S36_R1_001	85.5147025432	51.0	137.657068847	18788990.0	45.4545454545
20107400041-Pe-Sham-Virgin-Block-2-NCGM-676-Dr-Imroze-khan-3-1_S36_R2_001	86.765750508	51.0	137.749033077	18788990.0	45.4545454545
20107400042-Control-Sham-NIR-Mated-Block-2-NCGM-676-Dr-Imroze-khan-3-1_S37_R1_001	78.5434596865	48.0	137.296560179	26294916.0	45.4545454545
20107400042-Control-Sham-NIR-Mated-Block-2-NCGM-676-Dr-Imroze-khan-3-1_S37_R2_001	80.3374546567	49.0	137.41019013	26294916.0	36.3636363636
20107400043-Control-Sham-IR-Mated-Block-2-NCGM-676-Dr-Imroze-khan-3-1_S38_R1_001	85.941773845	51.0	149.38689788	23391803.0	36.3636363636
20107400043-Control-Sham-IR-Mated-Block-2-NCGM-676-Dr-Imroze-khan-3-1_S38_R2_001	86.9204477547	52.0	149.402399678	23391803.0	36.3636363636
20107400044-Control-Pe-NIR-Mated-Block-2-NCGM-676-Dr-Imroze-khan-3-1_S39_R1_001	87.2034243995	53.0	135.713982009	16946878.0	54.5454545455
20107400044-Control-Pe-NIR-Mated-Block-2-NCGM-676-Dr-Imroze-khan-3-1_S39_R2_001	88.1244414842	53.0	135.76086085	16946878.0	45.4545454545
20107400045-Control-Pe-IR-Mated-Block-2-NCGM-676-Dr-Imroze-khan-3-1_S40_R1_001	83.4451581828	50.0	133.395576526	20219400.0	45.4545454545
20107400045-Control-Pe-IR-Mated-Block-2-NCGM-676-Dr-Imroze-khan-3-1_S40_R2_001	84.9604601906	51.0	133.459414473	20219400.0	36.3636363636
20107400046-Pe-Sham-NIR-Mated-Block-2-NCGM-676-Dr-Imroze-khan-3-1_S41_R1_001	85.4401137526	51.0	139.958456656	21234930.0	45.4545454545
20107400046-Pe-Sham-NIR-Mated-Block-2-NCGM-676-Dr-Imroze-khan-3-1_S41_R2_001	87.0441823327	51.0	139.960460901	21234930.0	45.4545454545
20107400047-Pe-Sham-IR-Mated-Block-2-NCGM-676-Dr-Imroze-khan-3-1_S42_R1_001	90.1252827738	53.0	137.92650548	22966243.0	45.4545454545
20107400047-Pe-Sham-IR-Mated-Block-2-NCGM-676-Dr-Imroze-khan-3-1_S42_R2_001	90.921307517	54.0	137.955385476	22966243.0	45.4545454545
20107400048-Pe-Pe-NIR-Mated-Block-2-NCGM-676-Dr-Imroze-khan-3-1_S43_R1_001	86.7405394012	51.0	141.18416802	26830163.0	45.4545454545
20107400048-Pe-Pe-NIR-Mated-Block-2-NCGM-676-Dr-Imroze-khan-3-1_S43_R2_001	84.8307857583	51.0	141.804388069	26830163.0	45.4545454545
20107400049-Pe-Pe-IR-Mated-Block-2-NCGM-676-Dr-Imroze-khan-3-1_S44_R1_001	90.6883166444	52.0	135.87794932	53975062.0	36.3636363636
20107400049-Pe-Pe-IR-Mated-Block-2-NCGM-676-Dr-Imroze-khan-3-1_S44_R2_001	91.3143089484	53.0	135.940705154	53975062.0	45.4545454545
20107400050-Control-Sham-Virgin-Block-3-NCGM-676-Dr-Imroze-khan-3-1_S45_R1_001	84.6129537205	50.0	135.126317082	33070737.0	36.3636363636
20107400050-Control-Sham-Virgin-Block-3-NCGM-676-Dr-Imroze-khan-3-1_S45_R2_001	86.1122589434	50.0	135.174034948	33070737.0	36.3636363636
20107400051-Pe-Sham-Virgin-Block-3-NCGM-676-Dr-Imroze-khan-3-1_S46_R1_001	84.3816582701	50.0	144.081292517	25300127.0	36.3636363636
20107400051-Pe-Sham-Virgin-Block-3-NCGM-676-Dr-Imroze-khan-3-1_S46_R2_001	85.461161573	51.0	144.223509787	25300127.0	36.3636363636
20107400052-Control-Sham-NIR-Mated-Block-3-NCGM-676-Dr-Imroze-khan-3-1_S47_R1_001	89.5756009972	53.0	141.325127075	28431145.0	27.2727272727
20107400052-Control-Sham-NIR-Mated-Block-3-NCGM-676-Dr-Imroze-khan-3-1_S47_R2_001	90.2088776927	53.0	141.363749508	28431145.0	36.3636363636
20107400053-Control-Sham-IR-Mated-Block-3-NCGM-676-Dr-Imroze-khan-3-1_S48_R1_001	89.6104953172	52.0	141.92129508	30897560.0	36.3636363636
20107400053-Control-Sham-IR-Mated-Block-3-NCGM-676-Dr-Imroze-khan-3-1_S48_R2_001	90.2388839002	52.0	142.009812102	30897560.0	36.3636363636
20107400054-Control-Pe-NIR-Mated-Block-3-NCGM-676-Dr-Imroze-khan-3-1_S49_R1_001	90.0215448006	52.0	143.157431886	26449375.0	36.3636363636
20107400054-Control-Pe-NIR-Mated-Block-3-NCGM-676-Dr-Imroze-khan-3-1_S49_R2_001	90.9129056351	53.0	143.171828824	26449375.0	36.3636363636
20107400055-Control-Pe-IR-Mated-Block-3-NCGM-676-Dr-Imroze-khan-3-1_S50_R1_001	89.0595783742	52.0	143.955478247	25756735.0	27.2727272727
20107400055-Control-Pe-IR-Mated-Block-3-NCGM-676-Dr-Imroze-khan-3-1_S50_R2_001	90.0318034945	53.0	143.969113321	25756735.0	45.4545454545
20107400056-Pe-Sham-NIR-Mated-Block-3-NCGM-676-Dr-Imroze-khan-3-1_S51_R1_001	85.382828154	50.0	145.092208071	28180353.0	27.2727272727
20107400056-Pe-Sham-NIR-Mated-Block-3-NCGM-676-Dr-Imroze-khan-3-1_S51_R2_001	86.2582423145	50.0	145.198796161	28180353.0	36.3636363636
20107400057-Pe-Sham-IR-Mated-Block-3-NCGM-676-Dr-Imroze-khan-3-1_S52_R1_001	89.0144091217	52.0	138.508602043	34510231.0	36.3636363636
20107400057-Pe-Sham-IR-Mated-Block-3-NCGM-676-Dr-Imroze-khan-3-1_S52_R2_001	90.0966946386	52.0	138.590528038	34510231.0	45.4545454545
20107400059-Pe-Pe-NIR-Mated-Block-3-NCGM-676-Dr-Imroze-khan-3-1_S53_R1_001	86.9817408376	51.0	142.219733706	23863658.0	36.3636363636
20107400059-Pe-Pe-NIR-Mated-Block-3-NCGM-676-Dr-Imroze-khan-3-1_S53_R2_001	88.4592603123	51.0	142.264763893	23863658.0	45.4545454545
20107400060-Pe-Pe-IR-Mated-Block-3-NCGM-676-Dr-Imroze-khan-3-1_S54_R1_001	86.495610897	50.0	132.391435946	27807717.0	36.3636363636
20107400060-Pe-Pe-IR-Mated-Block-3-NCGM-676-Dr-Imroze-khan-3-1_S54_R2_001	89.0394092158	50.0	132.367932218	27807717.0	45.4545454545
